entrez	fc	pval
5744	-5.509714502	4.47E-06
4312	-4.776626067	1.27E-05
5997	2.818626477	0.000177388
7062	-2.720567037	0.000190925
7704	2.662804158	0.000190925
7431	-5.151852233	0.000190925
7169	-2.395924895	0.000190925
4953	-2.90683691	0.000190925
6279	-2.736726486	0.000203057
5744	-2.516965026	0.000221615
6624	-2.314285797	0.00022222
6876	-2.381566261	0.00022222
4071	-2.797393322	0.00022222
687	2.157942112	0.000234401
4953	-2.831821429	0.000234401
4318	-3.049465074	0.000236879
8519	-2.282535216	0.000272412
3956	-2.97964843	0.000294362
50486	-2.729692733	0.000373539
6236	2.463891427	0.000438638
3371	-3.032286592	0.000544598
6772	-2.089322597	0.000544598
7447	-1.811749286	0.000682136
1831	2.69823939	0.000682136
182	-1.928909451	0.000682136
5328	-2.0501991	0.001054451
9246	-1.699863323	0.001136694
7168	-1.95021091	0.001136694
302	-2.103517807	0.001144434
22891	-2.429324224	0.001144434
5217	-1.951645972	0.001213864
6772	-2.039331129	0.001226588
5217	-1.904570342	0.001398375
3248	1.987860713	0.001818382
9830	-1.966070025	0.001855921
3918	-1.916230921	0.001885774
3772	-1.850891147	0.001915492
65108	-1.513241933	0.001915492
794	-1.84238693	0.001915492
3434	-3.001917593	0.001915492
4071	-2.270837507	0.001930158
NA	-1.461893432	0.001930158
NA	2.166374542	0.001930158
558	-1.789912631	0.002042088
25878	-1.634106032	0.002042088
1382	-1.730011002	0.002048704
87	-1.734390995	0.002048704
3918	-1.926195354	0.002048704
6236	2.342737434	0.002048704
11098	-1.786309017	0.002048704
4175	-1.652667149	0.002123391
2752	2.34772448	0.002171489
7051	1.710367895	0.002171489
9982	-1.661643956	0.002171489
3134	-1.585826095	0.002171489
6273	-1.885105903	0.002171489
7168	-1.841321466	0.002286559
4919	1.371468329	0.002392096
4683	-1.426969738	0.002392096
4319	-2.267588738	0.002530671
2520	1.362637819	0.002603624
113	-1.491571855	0.002682732
2014	-1.773290899	0.002862391
4939	-2.007105718	0.003102253
NA	-1.433596368	0.00316098
1848	-1.566539416	0.003169385
5652	1.928661912	0.003197976
558	-1.437435756	0.003267169
6288	2.069867547	0.003267169
9314	1.438164747	0.003502346
10410	-1.347644982	0.003502346
3434	-3.087070985	0.003502346
7844	1.422273186	0.003687484
1001	-1.370720178	0.003687484
5947	-1.271906275	0.003687484
1052	1.461841771	0.003687484
6280	-2.190892706	0.003687484
6338	1.571769742	0.003687484
87	-1.617350698	0.003687484
8900	-2.07083214	0.003687484
3959	-1.302465097	0.0037495
27074	-1.429121461	0.0037495
27316	-1.291849225	0.0037495
8507	-1.415388635	0.003993934
2316	-1.378278653	0.003993934
9636	-2.701017736	0.004028103
2191	-1.745678735	0.004239367
NA	-1.301829169	0.004557358
1612	1.268633411	0.004557358
834	-1.296527312	0.004557358
8870	-1.742135301	0.004620887
837	-1.572017992	0.004900807
6594	-1.198787626	0.004911963
4638	-1.365970231	0.005215357
5270	-1.687440113	0.005215357
5721	-1.295421877	0.005215357
347902	-1.274624952	0.005690122
6273	-1.813223914	0.005916252
10346	-1.339274585	0.005916252
3248	1.993670207	0.005933457
1050	1.202947908	0.005998554
6947	-1.528441317	0.006150031
203068	-1.117886967	0.00635396
338	1.382975053	0.00645972
4430	-1.132859308	0.00645972
7298	-1.231637502	0.006463784
22837	1.125980605	0.006532782
2597	-1.100613929	0.006584179
7296	1.32271397	0.006657186
573	1.122305575	0.006657186
338	1.468042641	0.006657186
8727	-1.127568576	0.00678637
3151	-1.281543038	0.006821747
9635	-1.933192081	0.006821747
4277	-1.63859477	0.006821747
10468	-1.377643449	0.006821747
NA	-3.004781794	0.006821747
3291	2.215778998	0.006821747
10561	-2.138874577	0.006821747
11130	-1.135742253	0.006821747
5359	-1.525706934	0.006944342
650	1.527964168	0.006944342
5698	-1.082065324	0.007242824
5984	-1.120552999	0.007317767
7037	2.25519583	0.007317767
4314	-1.095048635	0.007317767
9168	-1.20756844	0.007317767
5721	-1.172674722	0.007317767
6772	-1.508933876	0.007324233
3149	1.798362067	0.007398596
10544	-1.328353214	0.007420401
10140	1.18171861	0.007420401
960	-1.084870195	0.007625599
1081	1.284010309	0.007625599
1464	-1.346512508	0.007766717
6772	-1.908083842	0.007766717
169611	-1.863385647	0.007774152
7168	-1.804862813	0.007774152
10625	-1.638497349	0.007779505
1843	1.847986555	0.007779505
128	-1.091589383	0.007887956
3897	-1.540852335	0.007887956
128	-1.255132403	0.008168122
9638	-1.423694802	0.008354763
1014	1.096965982	0.008354763
375790	-1.052610361	0.008354763
6675	-1.216442897	0.008354763
23189	1.26317069	0.008644816
80271	1.055397071	0.008644816
9651	-1.050294438	0.008894202
7114	-1.019122896	0.008904177
3685	-1.162510792	0.009058546
6432	-1.611694048	0.00913833
64976	-1.009302478	0.009241258
2152	-1.112079941	0.009241258
7169	-1.010007231	0.009241258
3309	-1.01554902	0.009632895
7184	-1.265809711	0.009704338
4582	1.508785197	0.009704338
7057	-1.727864692	0.009704338
5494	1.032254942	0.00978271
9903	1.15573668	0.00978271
6428	-1.072584931	0.00978271
3428	-1.20160458	0.00978271
9837	-1.026955304	0.009870477
5880	-1.048441038	0.009957908
10962	-1.119320121	0.010137327
2597	-1.255127939	0.010137327
84525	1.556276177	0.01039605
2633	-1.003525577	0.010513634
6772	-1.278576099	0.010567805
3958	1.250733903	0.010737795
604	2.131799085	0.010779303
5965	-1.155084478	0.010779303
4582	1.484911417	0.011087681
1580	1.322007252	0.011087681
5880	-1.35218912	0.011087681
3775	0.969692994	0.011087681
23768	-1.211907902	0.011087681
3006	1.047549647	0.011150282
7718	1.84192517	0.011150282
2237	-1.055698442	0.011163672
133	1.419697538	0.011415568
3909	-1.27431534	0.011784588
5187	0.998529161	0.011835655
9260	-1.047813636	0.011835655
6428	-0.972626098	0.012018778
6095	1.693618853	0.012466604
9823	-1.042051054	0.012466604
2274	-0.972077198	0.012529612
253782	1.076739535	0.01255564
6653	-1.141273686	0.012767756
8714	-1.080006864	0.012767756
4582	1.616221911	0.012984009
23037	1.535191297	0.012984009
5324	0.94595543	0.012984009
4299	1.016060403	0.013158429
3673	-1.207011027	0.013203152
2690	1.014720874	0.013203152
7991	-0.965349528	0.013203152
4599	-2.279655181	0.013203152
3373	-0.916926659	0.014034867
6672	-1.30249915	0.014082358
6337	1.082988295	0.014082358
1774	-0.97750027	0.014757134
2597	-0.940616989	0.015151264
10971	-1.011310438	0.01519408
1429	-1.108201833	0.015454752
834	-1.074219134	0.015505342
1465	-0.947421777	0.015553355
9119	-1.709027352	0.015553355
5216	-0.917873451	0.015636108
2289	1.816041796	0.016093479
960	-1.094094016	0.016093479
306	-1.096776452	0.016093479
3437	-1.786301762	0.016093479
9768	-1.076115776	0.016149908
10436	-0.927353607	0.016149908
1075	-0.970410579	0.016149908
8869	-0.947800074	0.016149908
2317	-0.891098596	0.016274407
440026	-0.928886583	0.016274407
8824	0.889775101	0.016711595
6672	-0.971149013	0.017679431
6447	-1.651943567	0.017679431
23395	-0.881629644	0.017696651
9466	-1.041725277	0.017696651
5111	-0.966129655	0.017782012
2065	0.914846575	0.017861417
6772	-1.071360169	0.018266762
9124	-0.981677968	0.018266762
1774	-0.888760352	0.018266762
3945	-0.98698263	0.018266762
6509	-1.007748892	0.01837503
571	1.185805317	0.018674801
10964	-1.623457835	0.018709086
6653	-0.970387774	0.018930923
9818	0.941430538	0.018930923
24139	-1.217517452	0.018930923
303	-1.046752277	0.018947885
26471	0.880121716	0.019239127
301	-0.896265606	0.019239127
7045	-1.09925004	0.019407816
22885	1.327971477	0.019576236
3134	-0.854228388	0.019602136
10630	-1.068624966	0.019671501
10630	-0.958403858	0.01980462
103	-0.864281247	0.01980462
NA	-0.845095278	0.020278015
9734	-1.160849642	0.020278015
10376	-1.009778033	0.02039527
871	-0.860446006	0.020490253
3624	-1.666275516	0.020490253
3490	-0.849561112	0.020627681
8406	-0.942379979	0.021706882
6737	-0.838168445	0.021706882
8974	-1.146216171	0.021706882
84869	-1.007479492	0.021706882
26471	0.886868954	0.021706882
5493	0.923094091	0.022170016
1382	-1.333649368	0.022828635
2621	-0.938464817	0.022977334
58495	0.836466721	0.023042883
1960	1.477509762	0.023042883
5753	-0.867280143	0.023245123
5696	-1.013300218	0.023665293
115207	-0.815534244	0.023843892
1288	-0.852516602	0.023908585
9111	-1.104274825	0.023908585
7298	-1.175485654	0.023908585
2597	-0.907997504	0.023908585
6422	1.153756845	0.02403112
5266	-0.975965355	0.02403112
1308	-0.822680233	0.024317796
650	1.249208983	0.025005973
3655	-1.017977446	0.025542468
4939	-1.06625004	0.025542468
10217	0.811363588	0.025542468
22861	-0.963858292	0.02556175
567	-0.872671043	0.02556175
64112	1.010530742	0.02561571
374	-1.323671334	0.026187003
1955	1.065877176	0.026363376
10971	-0.799761856	0.026420807
64795	1.172189412	0.026702179
7295	-0.820724415	0.026702179
567	-0.945963742	0.026702179
871	-0.921209721	0.026884558
3643	0.823580152	0.026884558
11099	1.130559926	0.026884558
2263	-0.893393113	0.027316557
7837	-0.848915445	0.027813244
2040	0.813252399	0.027813244
7919	-0.838197268	0.027813244
4609	1.125626784	0.027813244
5684	-1.015158483	0.027813244
7991	-1.001204828	0.027813244
26156	0.807713921	0.027813244
9859	-0.799884928	0.027813244
182	-1.0249385	0.027813244
10049	0.889204042	0.02784648
960	-0.790940021	0.02784648
6690	1.892722285	0.02784648
4864	1.031780673	0.028602466
54861	0.798803728	0.028602466
9902	-0.786399508	0.028605237
9901	0.848369163	0.028747702
1890	-1.604004305	0.028747702
10519	-0.808515597	0.028747702
6397	0.914294848	0.029554705
9636	-1.498069791	0.029554705
308	-1.096118064	0.029554705
10550	-0.831552307	0.02983854
10484	-0.819628731	0.029989072
220988	-0.879421163	0.030075353
10610	-0.905199027	0.030246309
25936	-0.938441046	0.030740227
23266	0.904405328	0.030740227
1284	-0.919067166	0.030740234
10130	-0.764410627	0.030740234
1604	0.824722903	0.030740234
10935	-0.955864277	0.030817857
10924	1.66279876	0.031039449
7779	1.183210167	0.031160486
2621	-0.941686489	0.031160486
567	-0.774439705	0.031290287
2621	-0.87752787	0.031290287
4651	-0.794442091	0.031290287
10379	-0.797265275	0.031489513
2067	-0.943659125	0.031514366
3475	0.859605786	0.031514366
23741	-0.781437489	0.031514366
9620	-0.789044042	0.031514366
2098	-0.784530609	0.031768249
11340	-0.822870139	0.031768249
5360	-0.75717163	0.031796501
8520	-0.991879426	0.031796501
9500	-0.770208598	0.032485974
23645	0.874218548	0.032531611
4811	-0.770797275	0.03281804
5635	-0.797836633	0.03281804
6703	-1.011887158	0.03281804
6764	-0.795771241	0.033364782
6238	-0.808232497	0.033599145
1266	-1.614479111	0.033650031
639	0.861348095	0.033650031
1846	-0.818471972	0.033650031
7037	0.774331096	0.033650031
4582	2.24922196	0.033712507
29899	0.750109052	0.033986875
9249	0.960909178	0.034224084
51020	-0.830846225	0.034563548
5315	-0.802334219	0.034563548
1282	-1.159317944	0.034573153
56951	-0.749036189	0.034876386
116984	0.901605302	0.034876386
2043	-0.855795778	0.0351804
4477	1.048889016	0.035600752
1195	0.854080575	0.036325399
1272	-0.923228451	0.036475972
4725	-0.783495775	0.036720538
4609	1.021566561	0.036720538
3665	-1.178352635	0.037203871
54838	1.151751044	0.037432132
57819	-0.79767141	0.038141401
10916	-0.773936926	0.038558084
4830	-0.722561207	0.038729044
6772	-1.831759418	0.038854674
471	-0.948965845	0.038854674
960	-0.813235497	0.038854674
7424	-0.789107715	0.038854674
2629	1.824397739	0.038854674
1070	-0.847563427	0.039032368
7138	-0.807245711	0.039206269
4053	-1.063024966	0.039206269
6636	-0.843503965	0.039708501
3487	-1.001852719	0.039708501
3566	-0.850584041	0.039708501
2110	0.808756492	0.039708501
6278	-1.739637408	0.040605824
23401	0.765426735	0.040708576
57152	-0.784873813	0.040806142
4335	0.804784065	0.040806142
91543	-1.02141116	0.041040561
6820	1.13820956	0.041040561
8738	-0.762474988	0.041040561
894	-0.800304605	0.041040561
NA	1.446174835	0.041717566
23199	0.952736151	0.041817439
7077	1.037712441	0.042103597
1749	1.060081917	0.042149333
6426	-0.756365272	0.042372846
1294	-0.899337769	0.042391598
5836	-0.874058939	0.042433056
4154	-0.722137531	0.042554747
4864	0.997516294	0.043132264
2196	-0.710516418	0.043681738
10657	-0.710342021	0.044445641
3851	1.666527695	0.044544449
1643	-0.838355312	0.044544449
4061	-1.035715265	0.044544449
10398	-0.874814815	0.044544449
5420	-0.884181184	0.044544449
811	-0.699182061	0.044544449
27161	0.897561351	0.044671234
NA	-0.978006868	0.044786731
4609	0.732555558	0.045545738
142	-0.736434666	0.045642059
997	1.127352492	0.045963516
9610	-0.784971503	0.046444223
1831	0.826801313	0.046444223
1318	0.836159038	0.046444223
7326	0.715364488	0.046444223
2237	-0.800349581	0.047391919
4084	0.694285047	0.04769221
4830	-0.71517108	0.048011007
397	0.704971501	0.048175503
2886	0.997123217	0.048175503
6464	-0.715252219	0.048175503
3162	1.752336331	0.048810019
3373	-0.809919837	0.048810019
2650	0.763425827	0.049175888
8796	0.808694603	0.049237172
NA	0.807991148	0.049237172
1434	-0.681381393	0.049351801
9619	1.467264918	0.049351801
10158	-0.989214234	0.049351801
3429	-1.075265759	0.049351801
3251	-0.86539288	0.04948741
